9.331775357992162512e-01 -7.421666949764271770e-02 3.464371143739713998e-02 2.656486910507788526e-02 2.075251094617954623e-02 1.471253762952939165e-02 3.678376691979524243e-02 5.301984074922063556e-02 -1.970143677745224420e-02 -1.785803942114079779e-01 7.198145731669676473e-02 1.283149432755174568e-01 9.398040170210028230e-03 1.212652020591429951e-02 5.788747428519069871e-02 4.576433642854212981e-03 -6.733085839959132568e-02 -4.530345410262247990e-02 4.831398645127938513e-02 4.078064007049953671e-02 1.174348263540861276e-01 3.655946407118307317e-02 -1.649289867604140924e-02 -7.334626282132624027e-03 -3.514639136021448229e-02 4.710781732617909390e-02 5.220249823952399781e-02 5.452694592058623252e-02 1.698135138393360583e-02 2.422858006499233399e-02 -9.494883730288189438e-02 1.589635861055706256e-01 -1.320018411229200231e-02 2.112326830223278384e-01 2.653363730885007626e-02 -4.573984544881956049e-01 2.868525724745674133e-02 2.751296866869495372e-01 -2.063728843030888244e-02 -9.405321281744061582e-03 1.652846452846561121e-02 4.673557568670445861e-02 4.367876357150290989e-02 -7.903773746113389176e-02 2.208863899926158045e-03 -5.138215690824704529e-02 2.434616534253426778e-02 1.404177223236467188e-02 -1.100795116075296842e-03 -3.783489094719167528e-02 -2.924972594055779904e-02 3.139153349238401475e-02 5.657991053578624585e-02 2.219841615948295876e-01 2.976004646527045938e-02 -4.693665078121446455e-02 -3.756344386344354636e-01 7.697259661931457608e-02 -6.483848749509971837e-03 -2.772977343402483353e-03 -1.465466136357862145e-02 1.686382003000806793e-03 -2.728159358882724719e-02 1.361982611827783698e-02 -2.910321052173058410e-03 1.515961009393152099e-02 1.160035469457358463e-02 7.812867913302008055e-03 2.839837787875917202e-02 2.295076713020205439e-03 7.068045665813550791e-04 -1.271047607523882218e-02 8.066794315654541095e-03 -5.249126863254661990e-03 -2.344461616684873247e-05 1.629828330124028987e-02 -1.566328809686540896e-02 3.104027969842917869e-03 -2.612764234297911426e-03 -4.485585614457834706e-03 -1.072657191946656437e-02 1.790600027683298540e-02 -5.294310968184549882e-03 -1.190521204511150143e-03 -1.934630988621129956e-03 2.214670465606577432e-02 -5.465756422126793156e-03 -4.448786275343954814e-03 -6.329752899997011066e-03 -3.846982437673976407e-02 -5.123810796040533314e-03 1.950607590816351390e-03 -4.537509237529821667e-03 1.124080298181707582e-03 1.355868549197812578e-02 5.541550441419123597e-03 1.090430235705848114e-02 2.594912058634991827e-03 3.341626891815697997e-03 -1.724429329388164206e-02 -3.454422913300400980e-03 5.938052810926882155e-03 6.875355921681142526e-03 -1.530530282615347182e-02 -1.350924094091649928e-03 2.664177086812154573e-04
-7.421666949764271770e-02 1.000405320917949314e+00 3.031370458228980352e-02 2.916669941572665962e-03 -9.932493120510190940e-03 -1.889187137999732979e-02 -7.799682181237585325e-03 -3.268495282142245932e-03 5.599119538187749198e-03 4.154688527812745030e-02 -2.314819821778056619e-02 -3.928626063933394336e-02 -9.478206663403888552e-03 -6.902095232385762778e-04 -1.649918489994555999e-03 1.317067236750158604e-02 7.225637970878504360e-03 1.013858358916213016e-02 3.591858248018192645e-02 3.844000543788064772e-02 -3.289701199061763944e-03 1.350117275811998398e-02 6.287824131030884077e-03 -1.808847633499185634e-02 -3.903767862913849578e-03 -5.801889106059367196e-03 -1.837985908863295484e-03 -1.972322950883836565e-02 1.873853441554742399e-02 -5.000222505276918743e-03 -6.194285888798391551e-03 -1.481994621475363726e-02 -2.667865795191852202e-03 -2.419625246671853677e-02 -1.750369796834580624e-03 3.719384657628305862e-02 2.558134635494284728e-02 -2.617103102192844255e-02 8.182770510889298549e-03 4.169403103400911442e-03 6.349832032096061618e-03 -2.021476697925476962e-02 -3.276637511409111192e-02 2.864668071344948427e-02 1.178634353405890942e-02 5.437356702874006137e-04 8.273047341660320214e-03 -1.776413134687245335e-02 1.664083571983341822e-02 4.983308679588664518e-03 1.315731805565102360e-03 1.120720592656498493e-03 -1.303076280215844686e-03 -2.012487451434734689e-02 8.089307919519962350e-03 2.470412548707312875e-02 1.458592493661919204e-02 3.535819994772928143e-07 -1.508608217893727364e-02 -6.747807964788665736e-02 -4.860384303745032136e-02 1.158627533681396982e-01 5.837392622647232659e-03 -5.574421679335256341e-02 1.919861803761399154e-03 -8.870223313901134249e-03 -4.059843513474938395e-03 6.457945217295332427e-03 3.004582957536160170e-02 6.873746488783277330e-04 -3.922443094854834991e-04 4.006399568246022530e-02 -3.303341247144585616e-03 1.806167545612912938e-03 -1.448012980893862919e-03 -1.285990583553869686e-02 3.420795443743197134e-02 8.374387016433112313e-03 -1.161894732776101724e-02 1.165522982176604196e-02 8.478691959222536476e-03 -2.029793895883506925e-03 -9.599511543091155188e-03 -1.081890767823454839e-03 -1.139499515216014711e-02 -2.415264010822664679e-03 8.300752240544061883e-03 2.440786759761136293e-04 6.571091736066402532e-03 1.320886255129882225e-01 3.306712927441902289e-02 1.429571157245754101e-03 2.361020158543487499e-02 -1.448602275937011137e-02 -1.353436507523525338e-03 -1.113519331598076395e-02 5.036342559403538324e-03 -3.932543309002406277e-03 -1.238816498769617497e-02 1.802348229983677559e-03 2.397319133228737256e-03 6.225543279489668437e-03 -7.535323430618362517e-02 -1.609759959594472128e-02 6.266812855026001466e-03 4.153359238730620906e-03
3.464371143739713998e-02 3.031370458228980352e-02 9.525898046417076159e-01 1.161062082653711381e-03 1.322353778963859111e-02 1.818048184963730329e-01 -1.496282325111203404e-02 -4.733688626718579595e-02 3.625920274533315276e-03 -1.859115248552111258e-02 5.428106331166481641e-02 1.015756264610122722e-01 -2.021440416532059928e-02 2.291736946420944165e-03 -4.630925823917042550e-02 1.936341331267835489e-02 4.360620251661785976e-03 5.561787844845548015e-03 1.598748518473649266e-02 2.379371590986762569e-02 3.553182129757102153e-02 2.651180005425189667e-02 -2.764577056135819957e-02 -1.865672910841035745e-02 -9.916134294645063615e-03 1.458329412276410672e-03 4.293215275175737977e-02 -2.786951485103563927e-02 8.133844199614076453e-03 1.551147372148859588e-02 -4.888771601482803236e-02 -2.029751383488845040e-01 -1.578030519680408139e-02 3.374960081778727861e-01 -2.995979693812419672e-02 -1.020445739723200712e-01 -9.646466838442846470e-02 -1.730287561805975149e-01 -2.440154780787729683e-01 1.346277951005270430e-02 2.229343441561665029e-01 -6.640175224555476541e-03 1.110879001632048557e-01 1.151236103199256011e-01 4.529889103726746080e-02 -1.215932721176404691e-01 -7.808967871502842106e-02 -7.023869224291456881e-02 6.114623398798006704e-02 -1.817661710058886965e-02 -2.081991817152489474e-02 1.382292181886891069e-01 -4.600895237835726098e-02 4.945201418736399623e-01 -1.295158022351538818e-01 -2.223961510271136796e-02 -5.241759916649442463e-02 -2.923635891871915748e-01 -3.450661082239712130e-01 -5.508101204012972804e-03 -3.792031397123707143e-03 -9.839603748004052686e-02 -8.422282731562983488e-03 8.787389237028214728e-02 8.884120586789749294e-03 -2.953814494638401771e-03 3.080556381105406701e-03 -2.937909298871834666e-03 -1.492937174238632460e-02 -1.231999478672166082e-02 3.819736409759186008e-03 4.038499088852433305e-03 -5.776952931677712538e-03 -6.171428094670134215e-03 -1.678327722582529172e-02 9.075865845797531639e-03 3.057991672706032726e-03 -9.894537345455929611e-03 -9.805335935330240435e-03 -5.668156965557316108e-03 9.795479150791362635e-04 -6.134377041359398430e-03 2.111265342756798655e-02 8.077883425945396254e-03 2.758298961563166070e-03 3.964731214677680131e-03 -1.984916206302079003e-02 -5.701036136802883729e-03 -8.872642370309479290e-03 4.545857144227673924e-02 2.289592677895164498e-03 -4.492637026357994626e-03 -8.536109455547625721e-03 -5.169356588776043496e-03 4.551305710876912304e-04 3.628954576082940239e-03 -1.304768024889621514e-02 -3.694938014800576605e-03 -3.105445448701977564e-03 -7.747679392047064021e-05 -1.610621786602042457e-02 -6.992987697281300395e-03 -1.330469537348037690e-02 3.226529596956365965e-03 5.957444201259705190e-03 1.522840387702240929e-02
2.656486910507788526e-02 2.916669941572665962e-03 1.161062082653711381e-03 9.508268609038623698e-01 -6.500227772489253208e-02 2.887116854575184563e-02 -1.813159998247700078e-02 -1.472812049554035607e-02 -3.302085927191924326e-04 -2.484885596639946348e-02 6.914673202236427951e-02 2.670918058948868606e-02 -1.248367421141313369e-02 1.118035730134415897e-03 3.006784351624883916e-03 7.184287478673039061e-04 -3.669474508424410471e-03 -2.566311681837267142e-03 -8.520122470774367171e-04 -2.433143982665011019e-03 -3.444877590285412398e-03 1.700522973141027714e-05 -1.234944228924299454e-02 -1.303647032466757200e-02 1.151136030231688333e-03 3.200891694709552537e-02 -1.708857807661538081e-02 1.048056361132242674e-02 3.806353383377470128e-03 1.355466993744017801e-01 -2.298945754503269392e-02 9.844028433237039452e-03 -4.748460010959045657e-03 -1.399181209106290305e-02 3.154601834255669687e-03 4.644611386675776346e-03 4.237542269768542966e-03 2.605719604014611161e-03 -1.081553864802327174e-02 -1.374206356143536749e-03 -1.931210025073314476e-02 1.210441266508160280e-02 -5.862808585680159487e-04 -3.502573682828557730e-03 -1.028797377614768839e-02 -5.362644082124029543e-03 1.184660177671384689e-03 4.655256645599879090e-02 -1.338966977906478999e-02 6.905779041707416945e-03 -1.401869961232290497e-02 -1.590524620542836318e-02 2.981461269690144703e-03 -9.748588152439110685e-03 1.593852756584947586e-02 3.952266702928789680e-04 -3.369531987999289848e-03 3.820897823062874114e-03 -1.035031655756557881e-02 4.186886646601268636e-04 6.968249805948399309e-03 6.205383021709652384e-05 6.414267214796294872e-03 -5.258029379279135877e-03 -2.870900995193886515e-03 1.811314730581629114e-03 -5.262017910164632807e-03 -5.189985542007855305e-04 -6.854106167818572841e-03 8.994970525119319257e-03 -8.440609654269330513e-05 1.184969502668748549e-03 -4.014291534321904123e-03 -5.796910655829983806e-03 -3.494031248857359939e-03 -4.860467909287048693e-04 -6.014820468163563187e-04 -1.591849796800447019e-03 -1.491592917680773086e-04 -1.290237116351807163e-03 -4.904974913856352883e-03 -1.020628860417340444e-03 1.736089585952618405e-02 1.982663629111455598e-03 -1.157721243880089745e-03 -5.503532630890604731e-03 -2.296311206985760228e-03 7.511842648576783771e-03 -1.517444745564649252e-03 7.060545345739717990e-04 -7.302950721625029156e-04 -3.733064336648324582e-04 -1.516630457209724656e-03 -3.449691489400739941e-03 -1.577293816452179529e-03 -1.502075379790919919e-03 -1.927245704880254816e-03 -1.852335309306745673e-03 7.502375197627898784e-03 3.994702395635597349e-03 -2.615931805297581382e-03 -1.991370937030096430e-03 -4.400660407818746470e-03 1.689089392615262305e-03 -4.304301259286101231e-03 1.179177341283299714e-02
2.075251094617954623e-02 -9.932493120510190940e-03 1.322353778963859111e-02 -6.500227772489253208e-02 9.926048266465000713e-01 2.151176046429295260e-02 4.087114099316108487e-03 9.606382069378308769e-03 -2.306668625593308493e-03 -1.512348823255565966e-02 4.684360093932686542e-03 1.773191223972381270e-02 -3.331307853748445569e-03 -2.729026090995270628e-03 -4.180729008420793792e-03 -2.591675045249510617e-03 -6.652292956056146331e-03 -8.463326022260960618e-03 -3.038877984416365856e-03 2.133520114736875460e-04 2.180299277606414111e-03 -9.637763101799782725e-03 2.620757185878106778e-03 -8.843357026248097053e-03 6.868148441569922255e-03 2.618526871420822494e-02 -8.243556141736118476e-03 1.884605727886650914e-02 1.477114688896300322e-03 2.217758884360000737e-02 -8.921726939967445508e-03 -2.541597603179554955e-03 -7.393407098931078017e-03 1.355636667704182216e-02 -1.002479174921186607e-03 -1.407966974180001503e-02 -2.446107034840295895e-03 8.523234599127696431e-03 -8.678552229537303195e-03 6.035507280292254535e-03 2.136990204738778085e-03 1.667804024578355138e-02 -1.825059031898488594e-03 -7.968163357160698915e-03 -5.963014670434158698e-03 -1.871379726852708328e-02 -5.241234613792639975e-03 1.627188852198511310e-02 -6.766071900185533124e-03 6.593470133909936672e-03 -3.140618451587865703e-04 1.500091005457206573e-03 -4.315485242304252164e-03 1.502577374993170969e-02 1.166003598609894124e-02 -2.347375521356341848e-03 -1.698967621218157656e-02 -1.812566104411474088e-02 -1.682240290489607840e-03 -8.298699806645595464e-03 4.726247108647602460e-03 -8.488990823640948924e-03 -2.206942588233546873e-05 7.077231544418353081e-03 5.562790715160726394e-03 3.547701740621638997e-03 1.227776470895886041e-02 -3.070823946413557201e-03 -2.316879434385053522e-03 -3.475194845479033165e-03 -4.876589056871293015e-03 -4.860966252326679934e-03 -4.371294361283535601e-03 -9.558311351415852905e-03 -6.415486978605909607e-03 1.581588620163539710e-02 -4.085845427976990928e-03 1.685886124262161046e-03 4.022262163776955252e-02 4.590853718111433807e-03 1.416369549537967003e-04 2.289565853335828564e-03 -2.720204467508446390e-04 2.050682370122392656e-03 -4.692133390545466867e-03 -8.966544388333070464e-03 -9.086193562873979418e-03 -4.365298835882840470e-03 -4.329107310426318772e-03 -1.215139980043770593e-02 4.412567647582064413e-03 -2.607728136861663625e-03 4.149310194675841224e-05 1.220008313081028407e-03 -9.674428940478180250e-03 -5.457312700907938213e-03 -1.194869938874951404e-03 -4.407814480571545582e-03 1.269731696579992630e-02 6.534114685807930131e-03 -4.449341324214572610e-03 1.102778703761706815e-02 4.626282782472158905e-03 3.457805055199212815e-03 -6.685312267191606192e-03 8.532142940287361366e-03
1.471253762952939165e-02 -1.889187137999732979e-02 1.818048184963730329e-01 2.887116854575184563e-02 2.151176046429295260e-02 9.388679627435784214e-01 4.849171336508816682e-04 5.138331255284282750e-03 -1.407838362814307215e-02 -4.194463957417486275e-03 9.589834605577629567e-02 8.499086261427978017e-02 -2.538542882806837583e-02 -1.441683494021389102e-02 -1.479491389583414696e-01 -2.954031444359438152e-02 -8.198821926939471594e-02 -3.424082210827857076e-02 -3.958924330173976651e-03 -1.547729186957743632e-03 -1.709779059681988114e-03 -9.603572223071402819e-03 1.835256358064917513e-03 1.706775588246501468e-02 3.845252362166971111e-02 3.028696908065724516e-02 3.600685143673235111e-02 2.248612380136835384e-02 -7.495557347901599804e-03 4.070503023320767855e-02 -5.292321506975052048e-02 5.464749782391398886e-02 5.294554613986994854e-04 1.101501259283520079e-01 3.359800199837642012e-04 -1.236220243114784789e-01 6.562741305255873937e-04 -9.013996518792705137e-02 -6.288604705096101366e-02 1.495911934906526269e-03 5.870704328366340569e-02 9.152653215001396725e-02 1.083679618577131354e-01 -2.323031668428914703e-02 2.327556368148601257e-02 -1.202478458788158872e-01 -3.024955797193581292e-02 1.375580329732676091e-02 2.408995254132324793e-02 2.632959109090062325e-03 -1.783809843858855451e-02 8.385127303966086187e-02 -1.485667523812728708e-01 1.533595337590283325e-01 5.019424784349597185e-02 -2.992380742388577389e-02 -1.951261491141615401e-01 -4.437959553410589057e-03 -9.383686329683295357e-02 3.330909910506911140e-03 -8.116211095695583314e-03 -3.480399728629327699e-02 6.028016605562274777e-04 3.203505071002941268e-02 -1.153554491181358384e-03 -3.504066910484614911e-03 -1.044916549317025448e-02 -1.381650461267214204e-03 -8.227999090936553156e-03 1.285616821301427924e-02 1.676020436467556829e-05 -1.340786584181248055e-02 2.425920802458568157e-03 8.520299371077134573e-03 -1.583084437452233519e-03 7.110357200685538809e-03 9.325785945316943711e-04 -6.708662309542486914e-03 6.833947854227097633e-04 -2.465673728761039619e-03 1.033713905137370126e-04 -8.681934931529560612e-03 -1.452917632052633723e-03 9.121209976544371323e-03 4.073231564735819814e-03 1.707150046286431445e-03 -2.550870085216599623e-03 5.652739759623299533e-03 5.924094435540584042e-04 1.432898763633193989e-02 -3.293383865421050348e-03 3.487485327638610490e-03 -1.074988180718504209e-02 -9.215933498907513330e-03 -5.097570600991853558e-03 6.376843852747654702e-03 -3.915590007181600843e-03 1.157142782891958186e-03 1.048468643732959442e-02 -1.411164620956069371e-02 1.069323633777468328e-02 -4.711152626874697685e-03 -3.914976160905593236e-03 -9.283238878983461617e-03 6.529505660513024168e-03 1.054180840104717437e-02
3.678376691979524243e-02 -7.799682181237585325e-03 -1.496282325111203404e-02 -1.813159998247700078e-02 4.087114099316108487e-03 4.849171336508816682e-04 9.932981043575890290e-01 -4.712123773227411272e-02 -2.365509870364823630e-03 -2.582546100862037619e-01 -4.039783257269508737e-02 -5.163337009561082269e-02 -3.484128679525648475e-02 -2.798641331964899729e-03 -3.758645871518994513e-02 -1.878819434036834227e-02 -2.155532494664699761e-02 -8.454816470682025020e-03 -1.061751937200607239e-02 -1.451429647142456203e-02 -1.856528404929513876e-02 -1.400801693331064565e-02 2.899146272861694018e-02 -5.249517260337501108e-03 1.327132154992257534e-02 -6.574594102434728679e-05 -7.844788696002904724e-03 2.454864516896233893e-03 -5.634479156284828358e-03 7.918556970992368313e-03 1.922482201071164590e-02 2.748501116837193808e-02 1.690525637083756944e-02 -1.449131893397127141e-02 2.216912184564423776e-03 -9.031850403167675581e-03 -1.835774520396579214e-03 9.543794238737374896e-03 1.245526301420007975e-01 1.011628251884349461e-01 -3.018643250364863931e-02 2.157595315233880318e-02 -1.914041183686027506e-02 -1.226673334619360865e-02 -3.026335729418790435e-02 -2.852634695996799502e-02 -9.221703831344579480e-03 1.563852322506519357e-02 1.066578551244558824e-02 -5.332363597765395202e-02 3.675277317455264564e-02 -1.693801178216404815e-02 -3.766893772603702173e-02 -8.442816799518278528e-03 2.550636726751557767e-02 -3.290098264145249057e-03 -2.850609018944411099e-02 1.939883716424731924e-02 -9.692405096430264239e-03 2.384004929164986603e-02 1.057261607921581095e-02 5.713811650119286073e-02 1.462661216535150570e-03 -5.999489847457876307e-02 3.710784772865781747e-03 -4.807360212133867002e-03 -4.249018459879568693e-03 3.576099907100937017e-03 -2.420407501432369438e-03 -6.737288662960967504e-03 -4.266295183819737886e-03 -5.555620622171582312e-03 5.457571039321408579e-03 6.505853827478416326e-04 4.253093372016734583e-03 -5.404991624334014658e-03 -2.158531364868229371e-03 -5.043749055500246908e-03 -1.068529967765974266e-03 -3.088509575811560458e-03 -4.984610380117849085e-03 -3.866930806135740820e-03 -1.024522853156097091e-02 3.754160093548320441e-03 -4.001658190566943253e-03 -4.844777300534592636e-03 -8.040657634838183423e-03 1.137269559425685243e-03 5.569256626695692595e-03 -2.095526907464242625e-02 1.983952382688407637e-03 -2.674249165452908823e-03 -4.704565886754362609e-03 1.455527401942369528e-02 -3.009598517554178815e-03 6.718099157247228205e-04 1.747849185880765224e-02 -3.445040102553920992e-03 -4.790329611381405860e-03 -8.438689167992879242e-03 -3.663168783099341949e-03 -3.671165227629890303e-03 1.372397442779358170e-02 1.967099915739186668e-03 -4.801001681548068903e-03 -1.039335053616731669e-03
5.301984074922063556e-02 -3.268495282142245932e-03 -4.733688626718579595e-02 -1.472812049554035607e-02 9.606382069378308769e-03 5.138331255284282750e-03 -4.712123773227411272e-02 9.976854107819623785e-01 -4.060840269098487873e-03 -3.940942830061839319e-01 -5.383632605514774433e-02 -7.652141021200331572e-02 -5.190883019144437727e-02 -4.804391459947342236e-03 -6.077859094367799031e-02 -1.972330175181262468e-02 -2.471427594824954568e-02 -7.679880527749319112e-03 -1.016232227734909649e-02 -1.320170639585619039e-02 -7.453848983862631020e-03 -7.819548918701482026e-03 1.153852802503454317e-02 -4.808895056140115656e-03 3.893479716397295343e-02 -6.993455389056284568e-03 -4.002533602296320242e-02 1.185125194055758613e-01 -2.912603464684472478e-03 -1.522646048314327434e-02 -1.904216169341393233e-02 3.522969240456788609e-02 -7.187805636261613944e-03 7.359584079525967153e-05 -2.712091748696362093e-03 -2.972047207651161427e-02 -2.166217202679729132e-03 1.584531058993389821e-02 2.040466012755273728e-02 -4.411974609351429488e-03 -4.652774130223637228e-02 -2.854501644436492971e-02 -2.150084040865925944e-02 -2.220894057175737055e-02 -5.938438279416052845e-02 -1.188795336415314745e-03 -1.575869410103673818e-02 1.553304176832511763e-01 2.396870582567787733e-01 -8.979469846014596912e-02 -1.563327729893780604e-02 1.072445866484871176e-02 -6.092644858736644131e-02 -1.080601668571996334e-02 1.112542155681139205e-03 -1.227552188239077260e-02 -3.047647626809925347e-02 3.957416849823224697e-02 2.741787447280429751e-02 2.348594553148497521e-02 -1.988076649793638073e-02 4.213952038972250402e-02 -9.291216811605797904e-03 -2.956194836078209973e-02 -6.657063515210580318e-03 -2.951494138070975479e-03 -4.160179522249651471e-03 -1.028083295819515706e-02 -4.555073169886539493e-03 -5.385903207044106730e-03 -2.234780570233648941e-03 -2.705322453758593655e-03 -1.455015435938589088e-03 8.268835539903740192e-04 5.847245929291441588e-04 -3.602097418587556828e-03 -1.687576303569217600e-03 2.266270925203159661e-03 -1.834331606983741290e-03 1.829350072157489389e-03 -1.712231720671725244e-03 -5.868279298171972906e-03 -9.746144327442179262e-03 -3.056786049549272376e-03 -6.317690174582115195e-03 -7.289415962205289881e-03 -3.958273941575635169e-03 -8.519716729251837831e-03 4.380718224101702932e-04 -1.882709209078281543e-02 1.551623603568615464e-03 1.826076222959694805e-03 -3.207731014880983722e-03 -6.476502522165896759e-03 -2.056736753646961225e-03 -3.920582982744372572e-03 -8.808354959196555527e-04 -5.181595385043395383e-03 -1.382189823834557678e-02 -4.349987357328881366e-03 -5.675637661674565702e-03 5.122726644750819763e-05 3.270123965290891443e-02 -2.623291945774949927e-03 -4.250832149884733492e-04 -1.296388111727681328e-02
-1.970143677745224420e-02 5.599119538187749198e-03 3.625920274533315276e-03 -3.302085927191924326e-04 -2.306668625593308493e-03 -1.407838362814307215e-02 -2.365509870364823630e-03 -4.060840269098487873e-03 1.166586366429938293e+00 -2.602579449620893645e-02 -1.844251942914758519e-03 -4.555989475606318090e-03 -3.152289792039257056e-03 -4.341980634601535875e-04 -4.763462171282716734e-03 2.511060815011388267e-02 8.563414575670511356e-03 -2.285536276595879785e-03 -1.586231639020479990e-03 -2.038674701160082120e-03 1.425764692965501845e-02 -2.655405387515581694e-03 -3.058447517851585126e-03 -3.462532421707048558e-03 -5.678183498032170033e-03 -6.843633423182124116e-04 -7.602865613540920643e-03 -2.291957722214409653e-03 -8.741670146588121628e-04 -7.700721684922378577e-04 1.863114619574058424e-03 -8.414267771132712386e-04 -3.271657590017370870e-04 -6.451482527673161813e-03 -2.310376135840282435e-03 1.071642629512348753e-02 -3.767873406692131937e-03 -3.518579881390849606e-03 -6.984125606222996163e-03 -3.424790070116667177e-04 -6.399888060030129583e-03 -4.294836541326797416e-03 -3.441393423265221106e-03 -4.324612372205344918e-03 -4.928624837618239031e-03 -7.043755750960515628e-03 -1.410157860106354185e-03 -4.668698980071502892e-03 -2.131247788538080060e-03 -5.659999762719180108e-03 -2.597782149514680020e-03 -4.030266147253329552e-03 6.693451828576886531e-02 -1.003854268375966446e-02 -6.056928777639555665e-03 -3.692673543723048405e-03 2.363708352538081148e-02 -7.117736567091672607e-03 8.605505052329457880e-03 -1.936306969262162553e-03 -3.020520401457279375e-03 9.945406147517920140e-03 -1.858895537931221868e-03 -5.813329429375765738e-03 -3.133779280391772899e-04 -9.233346549748000292e-04 -7.964562659482397411e-04 -8.818358450818187351e-04 -9.326993966990276266e-04 -1.013804906789039567e-03 -5.192016875278919908e-04 -1.240309901904394470e-03 -8.248489615290904940e-04 -4.035444422202106294e-04 -9.375449582232376353e-04 -4.738848383440104686e-04 -9.728275157195686142e-04 -7.088064996226596266e-04 -1.657781715198327038e-04 -4.078397228704204328e-04 -4.238612610671538294e-04 -3.803913104927527083e-04 -7.836728332055564305e-04 -5.182873422398612132e-04 -4.634848252524912987e-04 -7.126039895959581510e-04 -9.993863995520684083e-04 -6.054892535731150500e-04 -4.494740400947340106e-04 -2.958686226230886323e-03 -5.923560479303162287e-04 -4.148991139337980375e-04 -6.358020731742817198e-04 -1.210145040118308993e-03 -8.005029301832784121e-04 -5.877350303081975034e-04 -1.150963189100023040e-03 -3.256485475952213882e-04 -9.440949983638398726e-04 -5.966963696536605128e-04 -3.935854567053259081e-04 -4.467752697020074219e-04 6.116525737553866332e-03 -1.019838057873475668e-03 -3.457492616113362854e-04 -2.273838054242370392e-03
-1.785803942114079779e-01 4.154688527812745030e-02 -1.859115248552111258e-02 -2.484885596639946348e-02 -1.512348823255565966e-02 -4.194463957417486275e-03 -2.582546100862037619e-01 -3.940942830061839319e-01 -2.602579449620893645e-02 9.862514239284054796e-01 -2.752233240065100617e-01 -4.358982773564806790e-01 -2.971204014849070374e-01 -3.079119013064197941e-02 -3.726732157722797978e-01 1.260935327768234956e-02 3.309194413987150835e-02 1.233359969879162764e-02 1.394893081557807384e-02 1.694182276895510667e-02 -1.810712928437765989e-02 7.122132234460740521e-03 -4.739851334686693077e-03 1.858433171731352015e-02 -1.571641209352083943e-02 -5.594310637598057245e-02 5.278052270490724701e-02 -7.537043591448294722e-02 9.936394505970336244e-03 -5.952147371731240921e-02 -4.995259171804700832e-03 -5.902412420847984176e-03 -3.620149951383456847e-03 -5.946593713757466343e-02 1.590895464134369332e-03 7.980944976729725804e-02 9.634874542980825102e-03 -4.399148678096148624e-02 3.677063993249420071e-02 -2.697632342951399032e-02 6.630663358039752542e-02 -1.050520945416016580e-02 -9.765403970350700069e-02 9.948136646377242487e-02 1.379757447437890416e-01 8.614749544265068448e-02 3.961859523344549161e-02 -9.787363907928731122e-02 -1.270565990522258826e-01 8.252945740104922212e-02 3.880293690857068711e-02 4.548205388103254698e-02 -3.736490314788922795e-01 -5.409642084736839690e-02 1.804016572674203150e-02 2.975140625879212769e-02 4.468764020063057535e-02 3.735726852925012279e-03 -1.790811848236423948e-02 -2.226707882180094591e-02 -3.104327248077876425e-03 -8.686408872922775359e-03 1.634823302879048063e-02 1.075492067739894711e-02 7.315176287341665709e-03 -3.368288908634841511e-03 -2.791789920425408883e-03 2.727688853346888626e-03 2.740749773404508628e-03 1.587815761589785046e-02 9.786173038854270936e-03 1.547599511508467723e-02 -5.075173089181313907e-05 -1.084255896246937457e-03 4.895468261617517622e-03 -3.402263167381720452e-03 2.198703881348623712e-02 5.965094841890554445e-03 4.612455397109538509e-03 -5.625252361299301965e-03 6.359968523003732901e-03 -3.413347665203352098e-04 4.829390770385529920e-03 -6.510568039417760286e-03 1.314122743932594553e-02 -5.173297844397391730e-03 1.811333375308236265e-02 3.651269334084918973e-03 4.747753103759263724e-03 4.650503188065511356e-02 4.146020284273223278e-03 1.302170151523145440e-03 1.220293795690254035e-02 1.386262230032684999e-02 7.105560626800549312e-03 -7.467833428955864862e-04 7.405523139075876476e-03 2.241251735840584739e-03 -1.735194832770163911e-02 -1.682305436986292202e-02 -6.712705675552594134e-03 2.119078385878490553e-03 -4.328104985636173352e-02 6.855485963940818363e-03 6.829018424982112936e-03 6.145261541046093297e-03
7.198145731669676473e-02 -2.314819821778056619e-02 5.428106331166481641e-02 6.914673202236427951e-02 4.684360093932686542e-03 9.589834605577629567e-02 -4.039783257269508737e-02 -5.383632605514774433e-02 -1.844251942914758519e-03 -2.752233240065100617e-01 9.751131566600794720e-01 -5.843218146844435246e-02 -3.901867738590610035e-02 -2.181939622683821099e-03 -3.492277255130196018e-02 -3.693338415724368128e-03 -1.317896253306285667e-02 -4.150667130844451838e-03 -3.342043728531451149e-03 -5.093571848007016900e-03 1.806459240665100538e-04 -1.126566262512510496e-03 -2.037492459305216379e-03 -1.279593778484904715e-02 1.238178373461015606e-02 1.715136387844148902e-02 -1.088848897040142760e-02 -8.814458367482083667e-03 -4.392879210302490407e-03 5.695881874749641333e-02 1.951373811515587755e-03 -1.056676037981190905e-02 -6.500069229230662909e-03 5.003925485958005126e-02 -1.086182650662317721e-02 -4.290610176094629413e-02 -3.540866218078751824e-03 5.082794723723272137e-03 -4.142833054394841341e-02 -2.568244532290069569e-03 -1.489434078540260303e-02 1.036037318116720396e-01 2.429012225715950629e-02 -2.540596475640440402e-02 -2.993349003273458944e-02 -2.622526022648393601e-02 -7.297767942884655912e-03 -1.679711222453515035e-02 -2.489620926474276491e-02 8.663610682744066205e-02 -3.213676835613249461e-02 -1.959928488646150990e-02 -3.497767557503678182e-02 6.149936381866885626e-02 -1.921310605877495428e-02 -1.483315140582137232e-02 -2.497893614226769782e-02 -1.737357007976093187e-02 -2.269175137566891917e-02 -1.077664059552628679e-02 5.843817052816730438e-03 -3.772215069273190946e-02 -2.507233627846841562e-03 3.230670323480877570e-02 -5.916045605367601518e-03 1.889216835207063868e-03 -5.322887757735466491e-03 -5.143728907882016282e-03 1.698120484984218942e-02 2.710509209536139576e-03 -4.076968446789719196e-03 -4.765426937399400847e-03 -4.984724859691377387e-03 -1.729898976166283986e-03 4.075114403217833595e-03 5.646134722249835161e-03 -5.938799761800726482e-03 4.414736255521167860e-04 -8.330713364611137513e-04 1.564804297255557516e-02 -5.724967953369735664e-03 5.284998842026998427e-03 1.206274639259301978e-03 8.655262333888955918e-04 -3.947775363276255153e-03 1.123851723643307749e-03 -3.567585628543538251e-03 -1.290010731962288378e-03 -3.627189437909279432e-03 -7.081302296539944766e-03 -3.914542219044104057e-03 -2.084958207537237866e-03 -4.162936429396330018e-03 -1.142292048023441087e-02 -3.825655963436699197e-03 5.517109260400150303e-03 -8.207001154384448161e-03 -3.784663976821484987e-03 1.758986213640114857e-02 2.035756845107533977e-02 1.880057889128329204e-02 4.423876448405614920e-03 -7.650179481003487915e-03 -2.448141509827110249e-03 2.750969536602681370e-03 2.170470931667210085e-02
1.283149432755174568e-01 -3.928626063933394336e-02 1.015756264610122722e-01 2.670918058948868606e-02 1.773191223972381270e-02 8.499086261427978017e-02 -5.163337009561082269e-02 -7.652141021200331572e-02 -4.555989475606318090e-03 -4.358982773564806790e-01 -5.843218146844435246e-02 9.865006457840841403e-01 -5.723544961125024561e-02 -5.390203868589056244e-03 -6.771421744717676106e-02 -1.065237759296172940e-03 -1.717242431327256624e-02 -1.392894597023808072e-02 1.211375472061846422e-03 -7.096675319021844737e-03 3.693402711546297373e-02 -1.413198434380976776e-03 -6.141499713629375995e-03 4.308621221565233500e-04 -1.033198354197272829e-02 1.779480730603062028e-02 1.393870098121278295e-02 -1.012135361600158094e-02 -1.085204845608784587e-02 7.107794201442205195e-02 -2.253691672534288357e-02 -1.286644816085151695e-02 1.338513630200716424e-03 1.013887167332591793e-01 -1.667675971359043087e-03 -9.333402006881588719e-02 -1.433736083496124983e-02 2.453681093727684125e-03 -8.561441802720724803e-02 -4.913284647839871559e-03 7.436014639579362207e-02 1.956877975732729952e-02 2.339076722499764394e-01 -5.109905510944470070e-02 -5.454678819204099305e-02 -2.726375698663508623e-02 -1.767104735157058390e-02 1.462477287145462837e-02 -3.731916145381361516e-02 3.475173708258241789e-02 -3.171137036445829949e-02 -2.082066175762611101e-03 -6.788089897733085021e-02 1.059165784488573792e-01 -2.569566997182939558e-02 -1.653160584614381257e-02 -6.844248302886915547e-02 -3.808180505773568758e-02 -6.644852436645939595e-03 -6.350581094130588848e-04 -7.898812582974513996e-03 -5.752532939043616955e-02 -1.740134218741203054e-02 5.667631747896689776e-02 -1.997807257488274507e-03 3.666793463347013324e-04 -6.235672527565063947e-03 9.734443535459186281e-03 2.456965377872834342e-03 -1.008159195579266289e-02 -3.423764914317379768e-03 -7.846820121226668471e-03 3.251070899529170770e-03 -9.286214338122033077e-04 -8.501632531999561010e-03 1.914907071800351843e-02 -1.289701488121818874e-02 -9.391439338434580397e-03 -2.057996607199164083e-03 6.145326882570712260e-04 -8.069649762415507382e-03 1.275262036161164785e-02 -2.535496710244807342e-03 1.701699335990552661e-02 -2.421664299954398580e-03 1.816040141600317598e-02 -6.247282125784368867e-03 1.717996858658544287e-03 -6.648664877822695052e-03 -1.802897045421175334e-02 -9.697789295401524484e-05 6.782649593769149703e-04 -4.526280031515584994e-03 -1.479314852923346510e-02 -1.241097905222242250e-03 -1.715836770422611004e-03 -7.923873013878656585e-03 3.795572746188146523e-04 2.904823666007605443e-02 -9.663240828735269669e-03 9.022418784833986793e-03 -6.532858319007532090e-03 1.496795801639667391e-02 -1.977797097843808898e-03 -1.669765579427987933e-03 -4.423682068885119792e-03
9.398040170210028230e-03 -9.478206663403888552e-03 -2.021440416532059928e-02 -1.248367421141313369e-02 -3.331307853748445569e-03 -2.538542882806837583e-02 -3.484128679525648475e-02 -5.190883019144437727e-02 -3.152289792039257056e-03 -2.971204014849070374e-01 -3.901867738590610035e-02 -5.723544961125024561e-02 9.581844647277115712e-01 -3.729482853932113932e-03 -4.651092380665079046e-02 -2.490058794944062862e-02 -2.621628362567756873e-02 -1.115452890837827747e-02 -1.150577369402415104e-02 -1.351747856472658611e-02 -1.491811626841808500e-02 -1.587037151861695611e-02 -3.515369075956122861e-03 -7.621622540152779915e-03 2.213207510272830608e-02 9.667563174258861358e-02 -4.565054455278705348e-02 6.594874174645071196e-02 -3.308570415194960271e-03 5.572508924200868935e-03 1.384425491689078580e-02 1.511995553761665521e-02 1.003769298214495908e-03 -7.520345088368147329e-03 2.575261334375612832e-03 -9.146984285120238548e-04 2.855334013673701665e-03 -1.047552108450434255e-02 5.031555529688296058e-02 -3.373238173082417947e-03 -4.973277050738358213e-02 7.868840200889001824e-03 -1.969806133110641247e-02 -3.309319828933054292e-02 -4.068531425600138696e-02 -3.382680046512962641e-03 -1.222004616161075259e-02 1.113594969717406624e-01 1.028926938402116992e-01 -6.411742149042055916e-02 1.685522995836721133e-02 -1.666158960931809346e-02 -4.662682058266059970e-02 -8.114810725492907148e-03 1.912374136808825398e-02 -1.510489195068625938e-02 -1.565913252200031372e-02 1.243880864972682875e-02 4.103864339821718110e-04 2.153776747699394194e-03 1.923313064632051900e-02 1.951463652378410130e-02 -1.199981090169257789e-02 -2.330911172463216371e-02 -4.903113135826015108e-03 -6.720400619390285227e-03 2.177400440752864583e-02 -3.786906874389273266e-03 -1.128790906889023775e-02 -8.872774050299740006e-03 -5.207328557801024771e-03 -1.159458802987281371e-02 -1.051938330704786130e-03 -5.163739962489822741e-04 -4.362242399346936278e-03 -5.981245949587619959e-03 -8.890891732968354139e-03 2.361416955866948390e-03 -1.423928156915634652e-03 4.673608630682613875e-03 8.492318033920261133e-03 -4.417726331720742312e-03 2.643840577419864779e-02 -3.172410935746628260e-03 -4.805570786752448240e-03 -2.405977557767406162e-03 -6.166699182854061198e-03 -7.094773654851868443e-04 -4.557788224526001207e-03 -2.569360466585361713e-02 -5.565678280977328328e-03 4.409867252563643217e-03 -5.954168405421157717e-03 -8.868971567242533993e-03 -9.027756200293592104e-03 -1.191633965680662707e-03 -2.649129542867861842e-03 4.453082447323584124e-03 -1.044950282313821671e-02 1.961191162146026443e-02 -4.296271023716925937e-03 2.878658307822194902e-03 2.351385086328028687e-02 -5.535404089039335646e-03 -5.061047970168264243e-03 -4.849962531141717610e-03
1.212652020591429951e-02 -6.902095232385762778e-04 2.291736946420944165e-03 1.118035730134415897e-03 -2.729026090995270628e-03 -1.441683494021389102e-02 -2.798641331964899729e-03 -4.804391459947342236e-03 -4.341980634601535875e-04 -3.079119013064197941e-02 -2.181939622683821099e-03 -5.390203868589056244e-03 -3.729482853932113932e-03 9.523159280326282117e-01 -5.635665394091829254e-03 -4.244497351583688231e-03 -4.798731025096356073e-03 -2.704024349894815129e-03 -1.876675080772908068e-03 -2.411961730777797876e-03 -3.512466214608358107e-03 -3.141617527673811524e-03 -3.618457797342013865e-03 -4.096531775267918916e-03 -6.717874749608345429e-03 -8.096721809912900934e-04 1.664823335777392693e-02 -2.711621580137540434e-03 -1.034229435656227897e-03 -9.110745325302251020e-04 5.087096450761853777e-04 -9.232562647959845215e-03 -3.870707228987947451e-04 9.829909065974116317e-03 1.187760926797738932e-02 -3.324940702731924921e-03 -4.457781547091458144e-03 -4.162841681300299621e-03 7.223461396729351225e-03 -4.051878693732152855e-04 -2.596773706084494395e-03 -5.081233102926058405e-03 3.421489118195263773e-02 3.050649492085776970e-03 1.001313418950556958e-03 -2.865772327732790063e-03 -1.668361701352180692e-03 -5.523550798002911481e-03 -2.521485208912607225e-03 -6.696361521590402446e-03 -3.073443313915685468e-03 2.915752880153805928e-03 -5.652918706509540807e-03 -1.811520380425982440e-03 -1.361850163963986525e-02 -4.368812379262976622e-03 1.172996707062257983e-02 -3.049770030718714289e-03 2.010875622456272799e-02 -2.290850181365522518e-03 5.909112957205002979e-03 -1.808670234777200354e-03 -2.199264500831251291e-03 -1.983013053332899399e-04 -3.707583015921227525e-04 -1.092399808186121516e-03 -9.422896318933737976e-04 -1.043302450340680837e-03 -1.103479260265499348e-03 -1.199435415693900090e-03 -6.142689660887356564e-04 -1.467414107801239941e-03 -9.758811093048825854e-04 -4.774345562582805905e-04 -1.109212057633300738e-03 -5.606544752985948097e-04 -1.150954949913864187e-03 -8.385909486418024333e-04 -1.961326175665437056e-04 -4.825163147878235742e-04 -5.014714413594672810e-04 -4.500420214696867040e-04 -9.271655169249679767e-04 -6.131872016256992731e-04 -5.483501907733487985e-04 -8.430837696317775845e-04 -1.182376839526380662e-03 -7.163560263857492953e-04 -5.317739917361625178e-04 -3.500429934696819723e-03 -7.008180941232150518e-04 -4.908683000640532389e-04 -7.522192078870578716e-04 1.981317853441000656e-02 -9.470772516480185574e-04 -6.953509552730766400e-04 -1.361707762433532736e-03 -3.852757058477915926e-04 -1.116961428411557614e-03 -7.059531408712655482e-04 -4.656520526905212100e-04 -5.285810689493411095e-04 1.811069676980180251e-03 -1.206573253586776858e-03 -4.090569167200085328e-04 -2.690184150370001585e-03
